accuracy: 0.957372654155496
f1_score: 0.9454919437778541
precision: 0.9445205479452055
recall: 0.9464653397391901
trained_at: 2025-03-07T12:32:25.167186
samples: 18650
